place(13.656, 1.037, -24.928, "Trapper", 500)
place(11.286, 1.037, -19.088, "Trapper", 500)
place(12.091, 1.037, -14.116, "Electroshocker", 725)
upgrade(12.091, 2.387, -14.116, 300)
place(18.093, 1.037, -22.047, "Electroshocker", 725)
upgrade(18.093, 2.387, -22.047, 300)
upgrade(12.091, 2.387, -14.116, 600)
upgrade(18.093, 2.387, -22.047, 600)
place(8.332, 1.037, -20.316, "Trapper", 500)
place(12.369, 1.037, -27.641, "Trapper", 500)
place(-5.468, 1.037, -16.620, "Rocketeer", 1500)
upgrade(-5.468, 2.387, -16.620, 250)
upgrade(-5.468, 2.387, -16.620, 1750)
place(-4.477, 1.037, -13.385, "Rocketeer", 1500)
upgrade(-4.477, 2.387, -13.385, 250)
upgrade(-4.477, 2.387, -13.385, 1750)
place(-2.213, 1.037, -15.703, "Rocketeer", 1500)
upgrade(-2.213, 2.387, -15.703, 250)
upgrade(-2.213, 2.387, -15.703, 1750)
upgrade(-2.213, 2.387, -15.703, 6500)
place(3.928, 1.037, -14.895, "Minigunner", 1850)
upgrade(3.928, 2.387, -14.895, 400)
upgrade(3.928, 2.387, -14.895, 1500)
place(-4.617, 1.000, 15.290, "Rocketeer", 1500)
upgrade(-4.617, 2.350, 15.290, 250)
upgrade(-4.617, 2.350, 15.290, 1750)
